44.0
42.0
44.0
43.0
44.0
46.0
44.0
46.0
43.0
44.0
47.0
51.0
50.0
54.0
54.0
54.0
54.0
53.0
59.0
56.0
56.0
60.0
62.0
59.0
59.0
64.0
61.0
61.0
62.0
63.0
64.0
66.0
64.0
66.0
65.0
66.0
67.0
66.0
67.0
67.0
67.0
67.0
67.0
67.0
67.0
67.0
67.0
67.0
67.0
67.0
67.0
67.0
67.0
67.0
67.0
67.0
67.0
67.0
67.0
67.0
67.0
67.0
67.0
67.0
67.0
67.0
67.0
67.0
67.0
67.0
67.0
67.0
67.0
67.0
67.0
67.0
67.0
67.0
67.0
67.0
67.0
67.0
67.0
67.0
67.0
67.0
67.0
67.0
67.0
67.0
67.0
67.0
67.0
67.0
67.0
67.0
67.0
67.0
67.0
67.0
67.0
67.0
67.0
67.0
67.0
67.0
67.0
67.0
67.0
67.0
